LANDSAT_SCENE_ID = "LC82150652017227LGN00"
SUN_ELEVATION = 54.26510562
EARTH_SUN_DISTANCE = 1.0127282
