LANDSAT_SCENE_ID = "LT52150652010240CUB00"
SUN_ELEVATION = 55.06703503
EARTH_SUN_DISTANCE = 1.0101181
